Population,Amerindian,Ancestor,Steppe,Indian,Arctic,Australian,Caucasian,EastAfrican,NorthEastEuropean,NearEast,Neolithic,NorthAfrican,Oceanic,Siberian,SouthEastAsian,Subsaharian
Afroamerican,0.87,3.41,3.16,1.34,0.32,0.24,2.31,3.25,4.14,0.95,4.85,1.38,0.52,0.31,0.48,72.47
Abhkasian,0.39,0.44,16.18,5.76,0.26,0.4,59.79,0.01,1.88,2.76,6.72,0.24,0.21,1.5,0.77,2.69
Abkhazian,0.67,0,15.92,7.61,0,0,58.88,0,0.9,1.99,8.42,2.11,0.41,1.91,1.18,0
Abkhazian_Lykhny,0.41,0,17.38,7.74,0,0,56.2,0.6,3.55,2.38,8.34,0,0.06,2.36,0.79,0.19
Adjar,0.31,0.15,13.37,8.37,0.27,0.31,55.92,0.31,2.07,5.68,9.85,1.37,0.51,1.07,0.23,0.21
Adygei,0.69,0.19,20.76,4.1,0.1,0.35,56.73,0.08,4.84,0.48,5.9,0.12,0.37,3.17,1.47,0.65
Aeta,0.7,1.99,0,12.81,0.71,7.88,0,0.85,2.59,0.48,1.44,1.01,8.91,2.61,56.81,1.21
Afa,0.41,0.25,0,0.34,0.49,0.35,10.96,45,0.98,21.96,2.38,7.69,0.19,0.37,0.61,8.01
Pashtun,1.42,0.33,11.11,34.27,0.54,0,33.96,0.87,6.81,1.46,4.82,0.66,0.21,2.33,1.21,0
Albanian,0.3,0.15,12.98,0,0.41,0.28,36.05,0.28,14.4,3.54,27.32,2.42,0.44,0.81,0.52,0.11
Algerian,0.2,0.07,2.87,0,0.34,0.64,14.56,5.58,3.58,11.92,14.97,35.45,0.4,0.56,0.36,8.49
Jew,0.37,0.49,8.89,0.92,0.08,0.71,37.32,1.38,4.06,11.23,23.97,8.32,0.63,0.09,0.24,1.31
Altaian,2.11,0.21,9.64,4.12,4.9,0.44,5.58,0.25,5.54,0.47,2.35,0.3,0.2,40.26,23.45,0.19
Ami,0.19,0.02,0.46,0.19,1.02,0.02,1.09,0.46,0.99,0.41,0.32,0,2.73,0,91.68,0.42
Aonaga,1.35,0.62,0.15,4.27,0.81,1.71,0.21,1.03,0,1.11,0.11,1.1,0.12,24.58,62.83,0
Arab_Israel,0,0.14,6.44,4.42,0,0.68,46.36,3.03,0,15.35,17.56,5.41,0.6,0,0.01,0
Arab_Israel,0.16,0.36,7.21,3.89,0.01,0.22,41.55,4.24,1.06,16.56,12.73,7.32,1.12,1.69,0,1.87
Armenian,0.48,0.25,9.91,5.55,0.33,0.34,61.19,0.33,0.23,7.33,11.84,0.68,0.53,0.75,0.17,0.09
Armenian,0.48,0.21,10.85,8.97,0.24,0.27,51.32,0.72,2.27,8.34,12.42,2.21,0.73,0.55,0.33,0.09
Armenian,0.37,0.23,10.05,9.24,0.21,0.39,52.3,0.72,1.71,8.82,12.23,2.52,0.54,0.5,0.05,0.11
Armenian,0.14,0.16,11.49,7.69,0.08,0.14,52.48,0.72,2.54,7.65,13.09,3.19,0,0.63,0,0
Armenian,0.44,0.03,9.15,10.02,0.15,0.07,51.15,0.97,0.55,9.84,13.09,3.01,0.93,0.43,0.17,0
Armenian,0.27,0.58,9.87,6.36,0.2,0.38,53.08,0.57,0.84,9.8,14.98,1.8,0.46,0.53,0.14,0.14
Armenian,0.4,0.17,10.44,9.31,0.23,0.1,52.25,0.77,1.36,9.08,12.17,2.5,0.73,0.27,0.19,0.03
Armenian,0.41,0.11,8.68,7.35,0,0.38,55.22,1.02,1.92,9.16,13.7,1.73,0,0.32,0,0
Armenian,0,0.33,8.84,5.43,0.65,0.51,56,0,2.85,9.79,11.9,2.16,0.74,0.57,0,0.23
Armenian,0.16,0.06,11.82,5.04,0.36,0.51,60.15,0.15,0.08,8.91,11.05,0.58,0.45,0.6,0,0.08
Armenian,0.35,0.07,10.18,8.95,0.39,0.27,51.45,0.92,1.8,9.57,12.51,2.38,0.53,0.55,0.04,0.04
Armenian,0.16,0.06,10.34,8.39,0.2,0.1,53.01,1.04,1.02,9.42,12.88,2.46,0.33,0.25,0.37,0.01
Armenian,0.32,0.42,10.7,7.61,0.22,0.29,52.92,0.42,3.57,7.35,13.83,1.11,0.16,0.57,0.1,0.41
Jew,0.06,0.18,11.94,0.42,0.31,0.58,38.38,1.21,8.63,7.62,23.54,4.92,0.35,0.9,0.82,0.13
Jew,0.41,0.18,10.5,0.78,0.23,0.28,37.64,1.57,9.12,8.52,23.83,4.7,0.39,0.82,0.59,0.45
Jew,3.02,0.11,10.43,1.05,0.45,0.31,35.95,0.99,8.66,6.81,22.26,4.61,0.62,1.2,0.64,2.9
Assyrian,0,0.44,9.37,8.65,1.1,0,48.4,1.84,1.38,12.49,12.87,1.73,1.72,0,0,0
Assyrian,0.01,0.34,8.89,10.42,0.31,0.22,50.35,0.63,0.82,11.47,12.34,2.45,0.71,0.84,0.19,0.01
Assyrian,0.39,0.09,9.65,9.64,0.64,0.56,51.82,0.9,0.08,10.56,11.73,3.27,0.38,0.17,0.09,0.03
Assyrian,0.01,0.03,9.89,7.56,0.56,0.2,53.61,1.06,0.17,10.55,12.33,2.81,0.43,0.21,0.52,0.06
Assyrian,0.5,0,9.42,8.61,0,0.81,51.35,0.48,0.72,12.49,12.33,2.41,0,0.87,0,0
Asur,0.11,0.53,0,59.78,0.69,4.78,0,1.44,0.17,0,0.79,1.78,3.23,2.15,23.97,0.61
Atajal,0.11,0.04,0.3,0.01,1.47,0.02,1.23,0.24,0.81,0.47,0.24,0.08,2.03,0,92.37,0.58
Athabask,53.04,0.84,5.39,2.05,16.74,0.38,2.55,0.67,6.25,0.12,3.81,0.44,0.25,4.2,3.09,0.19
Australian,0.39,0.58,0,11.61,1.33,42.33,0,0.85,3.12,1.48,0.46,2.98,29.87,2.16,1.89,0.95
Austrian,0.95,0.18,17.93,1.24,0.34,0.25,23.6,0.3,23.38,1.26,24.96,0.82,0.58,0.79,0.38,3.04
Avar,2.1,0.5,19.38,13.41,0.17,0.55,42.7,0,9.53,0.71,7.45,0,0.74,1.89,0.22,0.66
Avar,1.82,0,19.84,13.27,0.47,0,42.99,0,9.37,2.28,6.36,0,0.38,2.1,0,1.11
Ava,1.38,0.91,22.18,12.8,0.62,0.47,42.95,0,9.6,0.71,6.74,0,0,1.64,0,0
Avar,2.15,0,16.92,11.72,0.1,0.16,46.78,0.77,9.23,1.12,6.56,0,0.54,3.95,0,0
Azerbaijani,0.85,0.26,12.59,10.52,0,0.64,47.9,0.09,3.82,7.02,8.62,1.44,0.27,3.24,1.39,1.35
Azerbaijani_Agdzhabedi,0.2,0.5,10.91,10.21,0,0.17,46.77,0,3.35,6.76,9.57,2.43,0.8,4.55,3.79,0
Azerbaijani_Dagestan,0.61,0.61,12.66,11.82,0.61,0.67,49.22,0.48,6.03,8.06,6.45,1.28,0,0.89,0.61,0
Jew,0.71,0.44,9.04,9.81,0.19,0.22,50.07,1.05,0.55,11.35,12.8,2.81,0.25,0.39,0.2,0.12
Azerbaijani_Khachmaz,1.18,0.15,12.5,12.29,0,0.04,45.31,0.86,4.66,5.14,9.04,2.49,0,3.81,2.53,0
Azeri,0.56,0.66,10.42,14.03,0.23,0.26,46.23,0.39,2.14,7.25,10.33,1.44,0.45,2.62,1.89,1.09
Azerbaijani_Dagestan,0.85,0.14,15.19,13.75,0.41,0,47.74,0.04,4.73,3.7,8.4,0.66,0.13,1.71,0.67,1.87
Bajo,0,0.16,0,6.4,0.14,9.92,0,0.59,2.02,0.88,0.24,0.06,5.73,2.44,71.2,0.23
Azerbaijani,0.06,0.67,8.01,14.76,1.32,0,54.76,0,4.06,7.36,6.04,0,2.39,0,0,0.56
Balija,1.45,0,2.88,63.03,0,3.21,9.28,1.85,0,1.43,0,0.44,2.12,2.37,11.26,0.68
Balkar,0.86,0.33,20.8,3.4,0.71,0.28,54.52,0,4.11,0.64,6.16,0.07,0.22,3.96,3.23,0.71
Balochi,0.36,0.14,6.87,49.65,0.76,0.16,35.54,0.46,0.69,2.09,0.44,0.4,0.45,0.45,0.48,1.07
Bantu,0,10.44,0,1.25,0.38,0.13,0,3.37,0,0.3,1.39,0.45,0.24,0,0.09,81.96
Bantu,0.32,7.92,0,0,0,0.4,1.07,3.53,1.24,0,0,1.61,0,0.71,0.6,82.6
Bantu,0.04,22.22,0,1.26,1.16,0,0.42,4.29,0.77,0.23,0,0,0.35,0,0.12,69.14
Bantu,0,22.22,0,1.21,0,0,0,2.15,0.13,0,1.58,0,0.7,1.2,0.59,70.22
Bantu,0,25.72,0,0.17,0.66,0.08,0.84,1.4,0.56,0.63,0.32,0.21,0.28,0.22,0,68.91
Bantu,0,17.03,0,0.4,1.86,0,0.61,3.66,0.83,0.04,0.41,0,0,0.91,0,74.25
Bantu,0.45,5.31,0.09,0.93,0.29,0.13,0.18,17.06,1.01,0.44,0,0.12,0.1,0.36,0.24,73.29
Bashkir,1.52,0.62,13.82,5.54,3.69,0.14,14.49,0.25,16.54,0.17,7.69,0.09,0.26,24.17,9.57,1.44
Bashkir,1.83,0,15.38,7.3,2.54,0.69,12.82,1.07,17.1,0,9.95,0.41,0.09,24.35,6.05,0.41
Bashkir,2.15,0,15.3,6.27,4.67,0,13.34,0.02,21.01,0,11.3,0.09,0.98,18.52,6.07,0.28
Bashkir,2.36,0.21,14.63,7.19,3.63,0.26,13.54,0,18.73,0,9.11,0,0,19.86,9.31,1.17
Bashkir,2.77,0.43,14.94,4.96,4.85,0,13.71,0.82,14.69,0.06,6.34,0.05,0,24.32,12.06,0
Bashkir,2.01,0.42,13.47,5.53,5.52,0,13.62,0,16.24,0,7.49,0,0.65,24.11,10.93,0
Basque,0.17,0.31,28.48,1.32,0.29,0.32,0.54,0.28,14.76,0.66,51.3,0.28,0.24,0.24,0.57,0.24
Basque,0.3,0.3,27.51,0.84,0.31,0.12,0.18,0.21,15.45,0.6,52.36,0.79,0.36,0.2,0.27,0.2
Batak,1.14,1.39,0,11.83,1.58,8.3,0.23,0.21,1.65,0.25,0.98,0,7.24,3.22,60.61,1.37
BedouinA,0.62,0.16,3.13,1.75,0.49,0.47,38.7,6.41,0.5,24.16,10.96,7.99,0.54,0.57,0.32,3.23
BedouinB,0.07,0.7,8.47,0.43,0.38,0.13,7.78,0.31,0,76.96,2.59,0.71,0.37,0.22,0.3,0.58
Belarusian,0.23,0.23,20.02,0.66,0.11,0.1,20.49,0.33,34.28,0.04,20.86,0.38,0.21,1.34,0.44,0.25
Belarusian_East,1.05,0.07,17.87,1.81,0.95,0.14,21.14,0.8,32,0,19.96,1.59,0.65,1.88,0.1,0
Belarusian,0.72,0.12,21.08,0.87,0.59,0.85,19.24,0.52,32.51,0,21.51,0.3,0.6,0.9,0,0.19
Belarusian_West,0.82,0,17.06,2.01,0.74,0,21.87,0.22,32.81,0.43,20.71,0.94,0.53,1.29,0.18,0.39
Belarusian,0.71,0,18.57,0.23,0,0,18.95,0,33.93,0,23.87,0.45,0.09,2.68,0,0.51
Jew,0,0.73,11.38,1.7,0,0,29.6,0.56,11.11,6.84,27.53,8.07,0.98,0.06,0,1.45
Bengali,0.52,0.23,0.27,69.93,0.66,2.63,0.45,0.86,0.29,0.15,3.17,1.41,1.1,2.14,15.96,0.23
Bhil,0.44,0.33,0.42,66.61,0.4,3.87,3.41,1.88,0.33,0.43,1.4,1.58,2.58,3.23,12.66,0.44
Bhunjia,0.16,0.9,0,53.35,1.9,5.22,0,2.16,0,0,2.48,0.75,3.21,2.31,27.19,0.37
Biaka,0.26,45.69,0,0.81,0.46,0.37,0.24,0,1.14,0.66,0.59,0.01,0.11,0.25,0.25,49.15
Bolivian,88.08,0.62,2.7,0.31,0.41,0.66,0.07,0.87,0.68,0.01,3.79,1.79,0.01,0,0,0
Bolivian,92.51,0.49,0.19,0.77,1.17,0.06,0.85,0.87,0.14,0.47,1.29,0.95,0.03,0.21,0,0
Bolivian,85.16,0.45,0.97,1.07,1.44,0.2,1.51,0.56,1.51,0.42,4.42,1.49,0.68,0,0.12,0
Bonda,0.09,0.48,0,45.7,0.83,4.71,0,2.13,0.37,0,0.44,2.36,3.37,3.22,35.81,0.49
Bosnian,0.42,0.4,16.78,1.37,0.1,0.15,26.6,0.09,24.64,1.66,24.84,0.61,0.25,0.84,0.53,0.72
Melanesian,0.53,0.03,0,4.67,0.28,7,0,0,3.56,1.46,0.06,1.66,75.2,0.84,3.68,1.03
Brahmin,2.47,0.59,8.69,51.41,0,1.62,17.6,0.86,4.94,0,1.72,0.17,1.15,1.77,6.11,0.9
Brahmin,0.29,0.9,3.42,60.39,1.2,1.59,17.94,0.05,1.93,0.68,0,0.27,1.88,1.67,7.17,0.62
Brahmin,1.05,0.28,8.01,55.98,0.29,1.84,14.43,0.74,4.56,0.12,1.08,0.67,1.25,1.77,6.86,1.07
Brahmin,1.11,0.53,5.74,41.17,0,0.59,12.75,1,0.14,0,0,0,1.68,11.1,23.58,0.61
Brahui,0.66,0.26,6.75,49.71,0.5,0.28,35.56,0.63,0.46,2.4,0.33,0.36,0.37,0.4,0.29,1.04
Bulgarian,0.36,0.28,14.62,0.1,0.58,0.44,32.83,0.57,20.7,1.43,25.06,1.04,0.58,0.65,0.52,0.24
Jew,0.15,0.44,10.12,0.75,0.01,0.46,38.87,2.39,6.47,9.92,23.25,5.74,0.49,0.79,0.15,0
Bulgarian,0.39,0.65,15.83,0.15,0.28,0.2,31.96,0.51,19.54,3,25.2,1.13,0.25,0.7,0.19,0.02
Berber,0.4,0,2.79,0,0.05,0.48,7.57,5.78,1.52,10.05,13.74,50.42,0.63,0.5,0.3,5.77
Burmese,0.44,0.33,0.51,17.15,0.37,2.05,0.37,0.72,0.17,0.14,0.39,0.72,1.27,14.9,59.67,0.8
Burusho,1.18,0.32,11.96,50.21,0.65,0.87,18.53,0.28,2.14,0.24,0.65,0.32,0.46,4.48,7.39,0.32
Buryat,0.6,0.55,4.64,1.29,4.2,0.3,3.9,0.36,2.69,0.15,0.67,0.59,0.32,50.46,28.8,0.48
Cachi,89.34,0.2,0.63,0.93,2.2,0.48,1.61,1.3,0.8,0,1.2,0.7,0,0,0.62,0
Cambodian,0.2,0.19,0.12,12.99,1.11,1.82,0.12,0.71,0.68,0.74,1.03,0.27,1.72,1.34,76.45,0.51
Russian,0.75,0,20.73,0,0.52,0,16.38,0.1,31.94,1.62,20.38,0,1.09,4.33,0,2.15
Chamar,0.96,0.53,1.2,68.73,0.52,3.47,2.61,1.37,0.43,0.2,0.51,1.48,1.95,2.2,13.21,0.63
Chechen,1.08,0.2,23.93,6.03,0.57,0.3,54.49,0.05,5.22,0.79,3.93,0.07,0.1,2.27,0.47,0.49
Chenchu,0.24,0.47,0.65,62.1,0.23,3.55,2.4,1.14,0.96,0,1.6,2.17,3.14,3.54,17.49,0.31
Chukchi,13.8,0.53,1.76,0.7,63.01,0.12,1.05,0.98,2.84,0.67,1.07,0.31,0.42,10.98,1.72,0.05
Chuvash,0.38,0.29,17.09,1.42,3.62,0.23,17.07,0.1,30.41,0.51,8.21,0.4,0.13,18.54,1.3,0.29
Circassian,0.37,0.35,15.68,7.74,0.01,0.14,47.1,0.59,6.41,2.38,9.61,0.68,0.85,5,2.98,0.1
Jew,0.56,0.16,1.58,47.88,0.89,1.28,19.95,1.06,0.92,5.31,8.03,3.24,1.58,0.64,6.67,0.25
Colla,90.36,0.31,1.41,0.26,2.28,0.52,1.39,0.57,0.61,0.17,0.79,0.51,0,0,0.81,0
Congo,0.06,40.1,0,0.93,0.11,0.14,0.3,1.65,1.33,0.53,0.25,0,0,0,0,54.61
Corsican,0.38,0.45,13.28,0.24,0.15,0.23,27.34,0.41,14.49,4.66,32.34,3.99,0.46,0.55,0.09,0.93
Cossack,0.26,0.53,16.27,3.49,1.1,0.22,26.01,0.03,27.84,0.49,21.55,0.78,0,1.16,0,0.27
Cossack,0,0,20.17,0.66,2.14,0,19.26,0.28,31.96,0.67,19.73,1.46,0.66,2.38,0.62,0
Croat,0.28,0.53,16.72,0.8,0.23,0.67,26.44,0.19,24.81,1.68,24.7,0.9,0.19,1.42,0.13,0.32
Croat,0.63,0.64,17.8,0.29,0.32,0.1,25.5,0.44,25.71,1.46,24.73,0.75,0.34,0.71,0.23,0.34
Cypriot,0.36,0.21,6.49,0.72,0.1,0.21,50.81,1.7,2.23,11.09,20.82,3.06,0.76,0.87,0.49,0.08
Czech,0.7,0.31,17.74,0.6,0.33,0.27,21.56,0.32,28.46,0.63,24,0.44,0.57,1.24,0.37,2.45
Dai,0.08,0.2,0.19,2.12,0.96,0.43,1.31,0.13,0.8,0.26,0.09,0.16,1.06,1.52,90.19,0.5
Datog,0.37,4.04,0,0.35,0.67,0.06,1.74,53.49,0.66,13.11,1.12,3.94,0.17,0.1,0.93,19.25
Daur,0.43,0.02,1.12,0,1.02,0.41,1.8,0.25,0.39,0.86,0.64,0.57,0.25,44.6,47.44,0.21
Dane,1.21,0.12,19.63,2.5,0.17,0.09,18.68,0.36,26.58,0.94,24.52,0.79,0.91,1.1,0.13,2.28
Dhaka,0.59,0.46,3.16,56.54,0.28,3.04,7.19,0.87,1.66,0,0.15,0,1.87,4.19,19.69,0.31
Dharkar,0.63,0.48,3.56,63.61,0.77,2.58,10.25,0.84,1.96,0.21,0.84,0.59,1.55,1.78,9.59,0.76
Dhurwa,0.58,0.86,0,53.69,0,4.73,0,2.79,0,0,0.82,1.93,3.37,2.08,28.49,0.66
Dolgan,0,0.38,0,0,1.43,0,2.76,0.54,5.2,0,0,0.62,1.52,76.48,11.07,0
Druze,0.32,0.23,3.28,2.41,0.36,0.61,54.73,2.14,3.25,12.66,15.12,3.49,0.41,0.25,0.41,0.33
Dusadh,0.36,0.59,0.85,67.13,0.51,3.03,7.22,0.72,1.12,0,0.56,0.77,1.84,1.91,12.63,0.76
Dusun,0.05,0,0,4.94,0.44,0.33,0.44,0.18,1.03,0.31,0.02,0,3.97,3.11,84.58,0.61
Dutch,0.61,0.13,21.89,0.98,0.34,0.5,19.9,0,27.54,0,26.4,0.22,0.16,0.62,0,0.7
Greenlander,26.39,0.91,3.86,1.05,47.51,0.39,3.2,0.08,6.21,0.88,4.19,0.16,0.23,3.19,1.38,0.38
Egyptian,0.23,0.11,2.97,0.04,0.11,0.48,34.28,11.63,0.49,18.29,11.92,9.36,0.66,0.65,0.6,8.18
Egyptian,0.52,0,0.48,0.43,0.48,0.58,36.38,10.05,0.5,19.01,13.1,12.57,0.5,0.54,0.54,4.32
Egyptian,0.33,0.13,0.98,0.4,0.6,0.32,35.92,10.42,0.84,21.29,10.51,11.56,0.58,0.22,0.84,5.05
English,0.15,0.17,22.83,2.84,0.62,0,17.62,0.18,25.31,0,28.07,0.83,0.35,0.12,0.53,0.38
English,0.38,0.3,24.18,1.71,0.58,0.28,15.59,0.45,26.03,0.02,29.03,0.78,0.28,0.13,0.01,0.25
English,0.55,0.13,23.72,0.92,0.13,0.38,15.62,0.15,26.07,0.11,30.67,0.69,0.18,0.18,0,0.5
Erzya_Moksha,1.03,0.67,18.63,1,1.03,0.08,19.72,0.41,33.97,0.1,16.13,0.14,0.18,5.6,0.41,0.89
Esan,0.26,0.13,0.44,0.58,0.16,0.24,0.59,0.11,0.36,0.36,0.3,0.13,0.28,0.2,0.46,95.4
Eskimo,24.4,0.23,0.85,0.72,61.62,0.55,0,0.03,0.85,0.7,0,0.23,0,7.91,1.9,0
Eskimo,20.87,0.5,0.21,0.35,70.19,0.17,0.23,0.62,0.42,0.58,0.14,1.08,0,3.47,1.17,0
Eskimo,25.3,0.47,0.48,0.68,68.56,0.41,0.1,0.44,0.4,0.41,0,0.77,0.1,1.12,0.76,0
Eskimo_Sireniki,19.38,0.26,0.58,0.79,72.31,0.77,0.2,0.24,0.44,0.41,0,0.71,0.1,2.91,0.87,0.03
Estonian,0.38,0.37,20.19,0.43,0.52,0.29,15.87,0.44,38.03,0.01,19.8,0.04,0.37,2.47,0.15,0.63
Ethiopian,0.24,2.75,0.04,0.58,0.59,0.64,14.2,29.86,0.11,19.97,3.5,10.09,0.4,0.32,1.03,15.68
Jew,0.31,0.49,0,0.14,0.44,0.42,11.91,44.55,0.98,23.22,2.58,6.51,0.21,0.45,0.36,7.44
Even,0.21,0.49,1.88,0.18,10.2,0.19,2.74,0.37,5.85,0.16,1.4,0.83,0.45,65.11,9.72,0.21
Evenk,0.44,0.5,1.55,0.72,6.11,0.09,2.69,0.33,4.32,0.05,0.68,0.69,0.5,65.79,15.17,0.37
Even,0.39,0.28,0.04,0,20.83,0,0.34,0.42,2.18,1.08,0,0.18,0.27,63.86,10.11,0
Even,1.05,0.92,0.59,0,10.12,0,0.95,0.04,2.75,0.18,0,0.14,0.04,69.68,13.53,0
Filipino,0,0.28,0.21,2.45,0.02,0.34,1.49,0.04,1.34,0.24,1.15,0.49,4.02,5.14,81.35,1.44
Finn,1.01,0.1,19.88,0.67,0.67,0.21,12.54,0.32,33.39,0.09,19.03,0.1,0.26,7.95,0.46,3.31
Finn,1,0.2,19.6,1.16,0.57,0.28,12.49,0.3,33.21,0.24,20.39,0.13,0.19,6.47,0.4,3.38
Finn,0.91,0.05,22.78,0.14,1.34,0.49,13.33,0.06,33.82,0,18.35,0.85,0.11,6.72,1.04,0
Finn,1.52,0.41,20.94,1.3,0.34,0,14.68,0.35,32.74,0,22.37,0.56,1.05,3.74,0,0
Finn,1.54,0,22.13,0,0.76,0.11,13.56,0.34,33.9,0,19.83,0,0.48,7.07,0,0.29
Finn,0.36,0.43,17.95,0.31,1.33,0.28,14.83,0.6,38.43,0.49,17.49,0.58,0.28,6.27,0.38,0
Forest-Nenets,4.17,0,9.64,3.53,7.41,0,3.38,0,12.97,0,0,0,0.29,55.38,2.41,0.83
French,0.36,0.2,21.9,0.48,0.18,0.33,17.27,0.25,22.93,0.5,33.08,0.99,0.44,0.38,0.45,0.27
French,0.18,0.25,18.87,0.68,1.14,0.34,20.95,0.19,22.94,1.29,30.04,1.91,0.55,0.23,0.29,0.14
French,0.51,0.48,19.23,0.97,0.38,0.07,20.68,0.22,22.72,1.36,30.01,1.29,0.39,0.32,1.09,0.29
French,0.37,0.47,24.84,0.48,0.31,0.32,6.54,0.11,16.74,0.68,46.27,1.28,0.26,0.01,0.88,0.44
French,0.68,0.37,21.95,1.8,0.34,0.22,17.38,0.13,25.29,0.21,29.53,1.01,0.22,0.6,0.16,0.11
Gadaba,0,0.81,0,47.94,1.57,5.32,0,1.98,0,0.67,0.72,0.84,3.24,2.8,33.16,0.95
Gagauz,0.78,0.54,14.08,0.53,0.25,0.32,32.72,0.47,17.01,4.86,24.23,1.71,0.76,1.16,0.11,0.48
Gambian,0.24,0.4,0.16,0.64,0.2,0.38,0.26,1.98,0.05,0.43,0.42,3.48,0.14,0.36,0.28,90.58
Garo,0.43,0.86,0,17.01,1.53,1.77,0,0.66,0.11,0.35,0.2,0.29,1.2,13.97,60.77,0.85
Georgian,0.19,0.41,14.13,8.25,0.26,0.35,57.76,0.12,1.07,5.32,9.78,0.62,0.33,0.81,0.46,0.14
Georgian_Abkhazia,1.52,0,13.71,9.19,0,0,56.1,0,0,5.03,12.3,1.49,0.07,0,0,0.59
Jew,0.95,0.03,7.73,5.58,0.2,0.28,60.06,0.73,0.58,10.57,9.89,1.75,0.89,0.14,0.35,0.27
Jew,0.74,0.28,7.35,7.22,0.12,0.14,51.82,2.09,1.38,12.18,12.3,3.61,0.4,0.13,0.24,0
Georgian,0.42,0,15.24,8.47,0.02,0.51,56.94,1.39,0,5.95,9.74,0,0,1.32,0,0
Georgian,0.16,0.22,11.72,7.17,0.12,0.71,58.37,0.14,0.52,5.94,12.02,1.11,0.48,0.93,0.17,0.22
Georgian,0.31,0.43,16.04,5.14,0.21,0.27,61.76,0.08,2.35,2.24,8.52,0.33,0.38,0.91,0.35,0.68
Georgian,0.49,0.76,15.85,7.97,0.69,0.45,58.46,0.28,1.41,4.29,7.43,0,0.06,1.21,0.53,0.12
Georgian,0.23,0.35,17.07,3.25,0,0.25,67.87,0,0,1.48,6.29,0,0.23,0.16,1.44,1.38
Georgians,0.26,0.3,15.42,6.3,0.02,0.28,59.3,0.01,1.8,3.51,8.17,0.1,0.19,1.39,1.06,1.85
German,0.45,0.5,19.6,1.51,0.36,0.21,19.26,0.11,27.4,0.67,25.71,0.61,0.35,2.04,0.1,1.12
German_Lipsian,0.59,0.27,20.22,0.93,0.14,0.6,21.18,0.22,27.55,0.3,26.02,0.7,0.14,0.87,0.06,0.2
German,0.18,0.02,19.93,0.86,0.01,0,21.15,0.12,24.31,0,31.38,1.78,0.26,0,0,0
German,0.51,0.2,19.5,1.16,0.27,0.17,18.81,0.36,27.37,0.39,25.79,0.55,0.44,0.97,0.41,3.1
German,0.66,0.41,17.75,0.97,0.19,0.26,21.55,0.16,24.47,0.82,27.08,1.03,0.58,0.77,0.46,2.84
Gond,1.1,0.49,0.46,58.7,0.61,4.13,2.6,1.37,0.99,0.31,0.84,1.9,3.27,2.39,20.12,0.78
Great_Andamanese,1.07,1.29,0,36.65,2.17,6.33,0.99,2.46,1.4,1.56,1.55,0.67,4.65,7.31,31.5,0.4
Greek,0.32,0.44,13.52,0.55,0.37,0.17,35.49,0.48,13.66,5.1,26.49,2.04,0.43,0.44,0.26,0.23
Greek,0.06,0.7,13.75,0.8,0.48,0.5,39,0.36,12.76,5.68,23.02,1.2,0.31,0.75,0.25,0.39
Greek,0.07,0.63,12.46,1.77,0.36,0.09,35.73,0.63,13.57,5.89,25.62,1.82,0.46,0.55,0.18,0.16
Greek,0.86,0.25,11.88,4.42,0,0,45.9,0,8.09,5.66,16.7,1.7,0.27,2.35,0.61,1.32
Greek,0.6,0.26,13.12,0.19,0.38,0.34,36.23,0.29,14.39,3.22,27.41,1.88,0.4,0.68,0.4,0.2
Greek,0.67,0.18,11.51,0.43,0.14,0.26,43.9,0.43,9.94,5.27,23.96,1.39,0.68,0.54,0.49,0.2
Greek,0.35,0.23,12.45,0.45,0.32,0.3,41.53,0.35,9.88,4.44,25.86,1.59,0.48,0.56,0.83,0.37
GujaratiA,1.04,0.44,7.14,60.2,1.2,0.77,15.49,0.56,5.01,0.1,2.87,0.22,1.28,0.65,2.85,0.18
GujaratiB,0.71,0.27,5.37,65.33,0.29,1.08,12.31,0.66,3.33,0,1.83,0.29,1.42,1.38,5.48,0.25
GujaratiC,0.58,0.12,2.58,73.29,0.14,1.59,7.16,0.43,1.03,0.15,2.96,0.48,1.58,1.21,6.68,0.02
GujaratiD,0.44,0.24,0.17,76.42,0.18,1.92,5.87,0.58,0.83,0.07,1.95,0.7,1.38,0.88,8.1,0.27
Gupta,0.29,0,1.96,65.15,0.58,3.69,9.94,1.53,1.43,0,1.19,0.68,1.98,0.64,10.57,0.37
Hadza,0.35,21.3,0,5.37,0.44,0.29,0,45.64,1.1,2.13,0.17,0,0.52,0,1.55,21.15
Hakas,2.88,0.48,13.4,5.07,4.46,0.35,6.57,0.39,11.16,0.02,3.96,0.08,0.21,34.08,16.3,0.6
Hakkipikki,0.02,0.35,0.59,67.75,1.01,3.93,2.72,1.54,0,0.95,0.31,1.61,2.23,2.54,13.51,0.94
Hallaki,0.59,0.79,0.9,63.26,1.09,3.25,8.66,1.18,0.88,0.64,0.42,1.55,2.62,2.56,11.53,0.08
Han,0.29,0.21,0.84,0.35,0.16,0.25,0.69,0.21,0.27,0.44,0.23,0.32,0.29,13.66,81.62,0.17
Han,0.32,0.31,1.3,0.88,0.02,0.27,1.38,0.38,0.08,0.41,0.2,0.51,0.1,23.25,70.52,0.07
Hazara,0.67,0.37,9.67,16.02,1.03,0.35,16.77,0.23,4.21,0.8,2.07,0.15,0.29,24.42,22.81,0.14
Hazara,1.74,0.59,9.86,23.09,1.04,0.46,23.49,0,4.96,0.82,2.15,0.32,0.64,15.38,14.64,0.82
Hezhen,0.33,0.3,0.9,0.12,3.21,0.81,0.92,0.4,0.32,0.61,0.22,0.69,0.16,43.81,47.2,0
Ho,0.36,0.47,0,51.73,0.46,4.97,0,1.54,0.31,0.15,0.88,2.41,3.06,2.34,30.64,0.64
Hungarian,0.49,0.43,17.81,0,0.21,0.49,23.49,0.15,28.82,0.64,24.36,0.72,0.33,1.18,0.67,0.21
Hungarian,0.52,0.1,16.35,0.44,0.57,0.23,25.16,0.56,29,0.57,23.87,0.48,0.38,0.96,0.62,0.19
Hungarian,0.33,0.43,21.44,0.16,0.09,0,19.44,0.8,27.07,2.36,24.89,1.16,0.87,0.93,0.02,0
Icelandic,0.51,0.18,24.88,1.04,0.14,0.08,13.62,0.22,30.4,0.21,26.63,0.48,0.43,0.56,0.37,0.24
Igorot,0,0.18,0,0,0.13,0,1.2,0.33,0.48,0.24,0.81,0,3.79,2.92,89.85,0.07
Ingrians,0.6,0.3,21.52,0.46,0.9,0,14.9,0.19,34.81,0,20.37,0.01,0.95,4.99,0,0
Iraki,0.08,0.64,9.7,11.48,0.41,0,45.9,1.54,0,12.91,11.64,2.02,0,3.15,0,0.52
Iranian,0.59,0.68,7.83,30.82,0.09,0.49,39.69,1.2,1.74,6,2.98,0.56,0.58,0.58,0.91,5.27
Iranian,0.95,0.44,10.53,18.98,0.55,0.35,47,0.6,2.29,7.3,7.07,1.34,0.24,1.06,0.97,0.32
Jew,0.33,0.26,4.48,9.7,0.46,0.27,57.02,0.64,0.21,12.48,10.51,2.31,0.17,0.79,0.34,0.03
Iran_Lor,0.32,0.17,10.26,17.55,0.59,0.35,47.57,1.14,1.63,9.02,7.93,1.19,0.34,1.18,0.44,0.32
Iran_Mazandrani,0.79,0.28,10.61,23.14,0.08,0.28,50.08,0.19,0.97,6.49,4.68,0.52,0.22,0.68,0.48,0.51
Zoroastrian,0.47,0.44,11.29,18.96,0.78,0.31,46.26,0.46,3.13,6.89,8.27,1.46,0.25,0.45,0.19,0.39
Iranian,0.73,0.23,10.02,18.83,0.44,0.51,47.29,0.74,1.68,8.12,7.03,1.09,0.26,1.25,0.93,0.86
Iranian,0.43,0.39,8.92,19.4,0.5,0.56,44.43,1.37,1.84,8.94,7.67,1.09,0.34,0.67,0.76,2.69
Jew,0.71,0.33,3.79,6.55,0.06,0.31,57.04,1.64,0,14.36,12.61,1.06,0.86,0.13,0.52,0.03
Irish,1.49,0.24,20.79,4.2,0.17,0.17,15.97,0.32,25.8,0.82,25.23,1.45,0.55,1.05,0.02,1.72
Irish,0.99,0.22,23.68,1.08,0,0.48,16.83,0.22,25.82,0.07,28.63,0.37,0.32,0.89,0.27,0.12
Irish,0.98,0.32,24.02,2.37,0.11,0.42,16.5,0.31,25.32,0.32,28.08,0.51,0.17,0.42,0,0.15
Irish,0.5,0.1,23.03,2.78,0.27,0.22,16.66,0.05,25.32,0.08,28.41,1.06,0.21,1.03,0,0.28
Irish,0.93,0.05,23.39,2.15,0.47,0.11,17.58,0.09,25.95,0.02,27.23,0.51,0.48,0.84,0.04,0.15
Irish,0.77,0.52,23.35,2.39,0.29,0.43,15.86,0,25.97,0,28.69,0.33,0.11,0.77,0.12,0.4
Ishkasim,2.19,0.38,15.75,29.41,0.21,0.39,28.18,0,9.41,0.31,4.65,0,0.83,5.14,2.89,0.25
Italian,0.44,0.24,15.28,0.19,0.37,0.1,27.41,0.16,15.64,1.76,35.2,1.59,0.9,0.3,0.38,0.03
Jew,0.3,0.15,9.05,0.44,0.16,0.53,38.7,2.46,5.84,10.59,24.35,5.88,0.87,0.26,0.25,0.18
Italian,0.18,0.08,11.9,0.93,0.56,0.17,37.76,0.83,8.74,6.44,26.22,4.31,0.68,0.61,0.51,0.07
Italian,0.72,0.21,14.49,0,0.4,0.33,31.83,0.43,12.79,3.5,31.79,1.98,0.51,0.2,0.65,0.18
Italian,0.6,0.24,14.94,0.52,0.19,0.25,27.06,0.28,18.35,2.39,28.15,2.07,0.58,1.11,0.56,2.72
Italian,0.36,0.34,13.46,0.22,0.18,0.51,35.36,0.84,10.91,7.14,26.45,3.4,0.22,0.4,0.16,0.05
Italian,0.54,0.27,13.67,0.33,0.15,0.27,29.02,0.27,14.61,4.13,29.7,2.62,0.67,1.08,0.47,2.2
Itelmen,0,0.34,0.32,1,91.19,0.21,0,0.57,0.51,0.26,0.26,0.89,0.42,2.64,1.39,0
Japanese,0.94,0.12,0.29,0.5,0.46,0.56,0.81,0.31,0.04,0.28,0.57,0.6,0.2,27.55,66.6,0.17
Jatt,1.59,0,12.66,43.86,0,0,23.19,0,6.39,0,2.73,0,1.25,2.48,3.56,2.3
Jatt,1.33,0,9.43,51.43,0.94,1.43,19.62,0.44,3.15,0.72,1.58,0,1.39,2.1,4.91,1.53
Jatt,0.24,0.3,8.26,50.02,2.92,1.69,23.69,0,4.13,0.52,1.95,0,1.01,0.77,3.7,0.8
Jordanian,0.05,0.25,5.06,4.91,0.25,0.15,44.38,4.49,1.4,15.45,13.49,6.23,0.44,0.03,1.45,1.97
Ju_hoan_North,0.11,83.39,0,1.55,0.47,0.4,0,0.47,2.06,2.32,0.08,1.37,0.05,0,0.14,7.59
Juang,0,0.35,0,46.24,0.29,5.69,0,0.84,0,0.42,0.51,0.87,2.68,3.24,37.54,1.33
Kabardin,0.71,0.55,15.85,8.16,0.77,0.01,46.26,0,6.72,3.43,8.92,0.84,0.33,4.98,1.74,0.74
Kalash,0.76,0.33,3.23,61.48,0.67,0.11,22.7,0.04,9.02,0,0.29,0.09,0.31,0.54,0.18,0.25
Kalmyk,1.03,0.32,6.15,1.8,1.78,0.31,6.24,0.39,4.68,0.41,1.71,0.34,0.24,44.32,29.97,0.32
Kamsali,0.2,0.99,0.71,65.23,1.38,3.35,7.09,1.37,0,1.14,0.07,0.8,2.49,1.9,13.28,0
Kanjars,0,0.9,2.35,63.44,0.68,2.24,14.54,0.39,0.18,0,0,2.94,1.52,0.69,10.13,0
Kapu,0,0,0.66,62.46,1.12,4.13,6.85,1.27,0,1.62,0,0.34,2.74,2.21,14.8,1.8
Karakalpak,0.8,0.56,8.83,6.75,2.45,0.74,16.34,0.11,8.11,0.35,5.35,0.54,0.47,27.28,20.14,1.17
Karelian,0.97,0.46,19.33,1.23,0.58,0.1,13.48,0.34,34.42,0.03,19.27,0.17,0.4,7.53,0.05,1.63
Karitiana,95.54,0,0.21,0.99,0.05,0,0,1.24,0.04,0.59,0.24,0.07,0,0,1.03,0
Kashmiri_Pandit,1.06,0.47,10.07,48.58,0.91,1.73,24.02,0.12,2.46,0.83,0.28,0,0.72,2.26,6,0.49
Kazakh,0.91,0.12,9.34,4.99,3.25,0.7,11.51,0,4.82,0,4.74,1.64,0,31.36,26.09,0.53
Kazakh,1.36,0,8.37,5.7,2.54,1.21,11.74,0.07,7.88,0.36,2.33,1.02,0.1,33.08,24.24,0
Kazakh,1.87,0.2,9.31,5.24,2.98,0.53,12.28,0,7.73,0,4.67,0,0,31.9,23.16,0.14
Ket,4.77,0.36,12.55,6.99,10.23,0.38,3.44,0.03,14.39,0,0,0,0.14,44.14,2.04,0.55
Khanty,4.25,0.22,14.81,6.33,9.57,0,6.8,0.09,18.79,0,0.53,0,0.4,38.21,0,0
Kharia,0.43,0.88,0,49.71,0.35,5.02,0,1.64,0.32,0.77,0.41,1.84,3.42,2.21,32.41,0.58
Khasi,0.48,0.84,1.06,28.1,0.96,3.28,0.57,0.63,0.69,0.61,0.34,0.81,0.95,10.74,49.11,0.83
Khomani,0.06,66.19,0,3.41,0.47,0.41,0.57,3.64,3.03,3.4,1.42,1.78,0.06,0.39,0.4,14.77
Kikuyu,0.17,3.44,0,0.31,0.9,0.12,2.41,33.16,0.39,7.25,0,2.55,0.22,0.34,0.24,48.5
Kinh,0.22,0.1,0.34,3.21,0.97,0.57,0.38,0.04,0.62,0.37,0.7,0.33,0.79,4.08,86.47,0.81
Koinanbe,0,0.01,0,5.98,0.66,73.17,0,0,2.2,2.18,0,0.64,10.02,0.99,2.83,1.31
Kol,0.63,0.62,1.87,66.4,0.34,3.57,5.43,0.35,1.15,0.1,0.05,1.32,2.13,2.99,12.48,0.62
Komi,1.66,0.31,18.48,2.94,2.21,0.01,15.55,0.38,28.26,0.12,14.16,0.27,0.24,13.17,0.54,1.71
Korean,0.63,0.21,0.6,0,0.18,0.23,0.6,0.49,0.23,0.46,0.24,0.19,0.04,27.45,68.31,0.14
Koryak,0.13,0.59,0.32,0.68,84.59,0.11,0.28,0.46,0.47,0,0.11,0.68,0.3,9.58,1.7,0
Kosipe,0.28,0,0,6.94,0.04,69.63,0,0,2.73,1.48,0,1.67,10.78,0.15,4.34,1.96
Kosovar,0.29,0.5,13.67,0.59,0.07,0.04,33.43,0.42,16.14,3.6,28.26,1.39,0.59,0.67,0.16,0.18
Kryashen,1.09,0,16.37,2.75,0.92,0.03,18.74,1.32,25.65,1.13,16.37,0.03,0,11.03,3.01,1.57
Kshatriya,0.54,0.45,7.12,55.06,0.29,1.93,16.02,0.43,3.75,0.07,2.4,0.47,1.36,2.76,6.78,0.52
Kuki,0.18,0.88,1.1,9.8,0.78,1.73,0,0.44,0,0,0.4,0.95,0.01,19.16,63.92,0.65
Kumyk,0.51,0.25,18.59,6.83,0.65,0.51,53.16,0.16,6.51,1.29,6.22,0.27,0.15,2.93,1.45,0.52
Kurd,0.69,0.78,10.75,14.81,0.14,0.37,48.24,0.58,2.15,8.73,10,1.1,0.26,0.95,0.32,0.13
Jew,0.35,0.33,7.25,10.55,0.4,0.23,49.43,1.8,0.65,12.54,12.15,2.26,0.29,0.91,0.49,0.36
Kurmi,2.06,0.44,4.32,63.92,0.43,1.53,10.98,0.35,0.13,0,0.5,0.21,2.04,0.25,11.95,0.91
Kurumba,0.46,0.66,0.51,63.66,1,3.94,6.85,1.8,0.18,0.67,0.38,1.81,2.7,2.54,12.55,0.29
Kusunda,0.72,0.56,0,27.67,0.08,2.69,0,0.65,0.22,0.13,1.61,0.79,0.45,17.46,46.74,0.23
Kyrgyz,1.05,0.48,8.21,5.5,2.53,0.29,10.52,0.44,5.37,0.48,2.56,0.35,0.35,34.78,26.66,0.44
Kyrgyz,1.13,0.21,9.26,5.8,3.61,0.15,8.05,0.32,4.72,0.71,3.59,0,0,34.36,28.09,0
Kyrgyz,1.91,0,7.54,5.27,3.63,0,9.8,0.94,5,0,2.19,1.67,0,34.91,27.14,0
Kyrgyz,0.22,0,8.54,7.02,3.14,0.65,14.14,0.4,6.62,0.27,2.55,0,0.11,30.7,25.03,0.62
Kyrgyz,1.1,0.22,7.53,7.36,1.46,0,9.74,0,3.52,1.19,2.7,0.36,1.63,34.2,28.38,0.61
Lahu,0.45,0.38,0.3,2.48,0.9,1.82,0.3,0.43,0.44,0.16,0.69,0.25,0.24,7.69,83.13,0.34
Lak,1.25,0.52,20.3,12.13,0.64,0.17,44.76,0,8.29,1.95,6.21,0.12,0.18,1.05,0.09,2.34
Lambadi,0,0.63,3.22,61.42,0,2.6,12.63,0.67,1.17,0,0.27,0.78,1,2.13,12.82,0.67
Latvian,0.81,0.58,19.44,0.69,0.05,0.63,16.34,0.08,38.09,0,20.75,0.1,0.03,1.79,0.07,0.6
Latvian_Cesis,0.6,0,21.02,0.89,2.03,0,17.11,0,38.38,0,16.43,0.92,0.67,1.4,0,0.56
Latvian_Dobele,0.2,0.34,20.95,1.01,0.99,0.68,15.11,0.49,38.24,0,20.47,0,0,1.53,0,0
Lebanese,1.24,0.1,5.91,5.07,0.74,0.56,49.88,2.99,1.62,11.91,12.28,4.16,0.37,1.68,0.39,1.13
Lebanese_Christian,0.13,0.05,6.62,3.58,0.58,0.42,46.94,2.39,1.56,13.65,17.43,5.43,0.58,0.38,0.15,0.11
Lebanese_Muslim,0.27,0.23,7.58,5.33,0.42,0.25,45.23,2.52,1.95,13.79,15.44,4.45,0.75,0.56,0.26,0.97
Lebbo,0,0,0,4.9,1.52,3.24,0.37,0.36,2,0.09,0.8,0.02,4.73,0.38,80.71,0.86
Lezgin,0.67,0.07,19.02,13.32,0.42,0,46.47,0.06,8.1,2.65,6.49,0,0.07,2.21,0,0.44
Libyan,0.32,0,3.6,0.21,0.4,0.33,24.25,7.18,0.79,23.2,13.18,17.03,0.2,0.2,1.27,7.86
Jew,0.6,0.22,3.6,0.32,0.34,0.32,41.33,1.96,3.53,10.76,21.74,13.56,0.72,0.27,0.28,0.46
Lithuanian,0.22,0.28,19.65,0.24,0.12,0.13,18.86,0.16,37.79,0.06,19.71,0.12,0.63,1,0.21,0.83
Lodi,0.3,0.43,2.61,64.49,1.34,3.17,8.35,1.14,0.73,0.82,0.93,0.79,2.49,1.28,10.82,0.31
Luhya,0.15,4.68,0.25,0.88,0.49,0.14,0.12,18.41,0.71,1.06,0.29,0.07,0.18,0.61,0.2,71.76
Luo,0.42,5,0.21,1.37,0.36,0.22,0.02,19.66,0.88,0.85,0.11,0,0.07,0.17,0.4,70.25
Luzon,0.43,0.21,0,3.12,0.91,1.19,0.31,0.47,0.71,0.14,0.41,0,4.4,2.49,84.96,0.25
Macedonian,0.25,0.34,16.2,0.16,0.04,0.29,30.9,0.71,19.6,2.74,26.21,0.76,0.41,0.77,0.37,0.25
Brahmin,0,0.36,1,60.55,2.29,4.07,3.57,1.29,0.05,0,0.38,1.43,2.31,0.99,21.66,0.05
Madiga,0.11,0.37,0,67.7,0.46,3.64,2.96,1.64,0.02,0.15,0.91,1.88,2.83,2.68,13.57,1.08
Makrani,0.47,0.31,5.76,45.1,0.53,0.25,38.25,0.52,0.29,3.75,0.46,0.18,0.4,0.38,0.19,3.16
Malayan,0.43,0.51,0,63.84,0.31,4.4,0,1.99,0,0.59,1.57,2.04,3.54,3.33,17.16,0.27
Maltese,0.36,0.09,9.85,0.09,0.4,0.36,37.2,1.57,9.29,5.79,25.98,7.15,0.35,0.73,0.2,0.6
Mandenka,0.26,0.4,0.36,0.64,0.22,0.34,0.23,1.29,0.13,0.74,0.17,4.04,0.08,0.18,0.84,90.08
Mansi,2.62,0.13,17,3.8,8.13,0.2,3.7,0.72,22.32,0.43,0.72,0.08,0.51,39.61,0,0.04
Mari,1.58,0.36,15.98,3.54,4.66,0.18,14.36,0.34,25.97,0.09,9.99,0.05,0.17,20.63,1.57,0.53
Marwadi,0,0.7,1.82,66.68,0.31,3.35,13.81,0,0,0,0,0.64,0.31,3.05,8.87,0.46
Maasai,0.3,6.04,0,2.35,0.47,0,3.4,30.82,0.31,9.92,0.1,4.93,0.37,0.12,0.47,40.4
Maasai,0.17,2.54,0.11,1.49,0.54,0.17,0.36,52.53,0.87,9.89,0.5,1.98,0.28,0.28,0.31,27.98
Mawasi,0.49,0,0,53.28,1.49,6.03,0,2.31,0,0,0.6,3.17,2.43,3.19,26.36,0.65
Mayan,87.9,0.2,1.15,0.66,0.66,0.55,1.48,0.82,0.99,0.28,2.09,1.02,0.2,0.49,0.84,0.67
Mbuti,0.37,68.14,0,1.83,0.57,0.13,0.79,0.22,1.36,1.15,0,0.61,0,0.08,0.45,24.3
Meena,1.81,0.34,6.18,56.84,0.19,0.98,20.16,0,2.8,0,0.07,0.51,2.44,0.43,5.95,1.29
Meghawal,0.94,0.6,5.32,58.81,0.62,2.16,13.98,1.09,1.78,0.52,0.75,0.67,2.17,2.66,7.39,0.54
Mende,0.2,3.22,0.82,0.43,0.29,0.2,0.26,0.18,0.57,0.3,0.52,0.68,0.18,0.13,0.54,91.48
Miao,0.44,0.15,0.71,0.64,0.14,0.2,0.43,0.1,0.38,0.35,0.39,0.09,0.48,12.28,82.99,0.23
Mishar-Tatar,1.86,0,17.45,4.67,0,0,20.52,0.44,26.17,0.82,13.59,0.55,0,11.31,2.23,0.4
Mixe,94.76,0.39,0.6,0.42,0.33,0.03,0.19,0.35,0.25,0.07,0.26,0.23,0.3,1.15,0.67,0
Mixtec,91.46,0.38,0.89,0.3,0.33,0.3,0.67,0.48,0.8,0.1,1.36,0.67,0.5,0.94,0.51,0.31
Mizo,0,0.78,1.24,9.71,0.62,1.77,0.01,0.81,0.32,0,0.48,0.47,0.53,18.49,64.1,0.67
Moldavian,0.57,0.12,16.71,0.79,0.6,0.29,27.06,0.41,21.99,2.26,24.4,1.99,0.55,1.35,0.91,0
Mongol,1.03,0.57,3.55,0.46,1.83,0.35,6.49,0.09,2.36,0,1.2,0,0,43.85,37.89,0.33
Mongola,1.19,0.24,2.54,0.04,0.43,0.27,2.04,0.59,0.39,0.56,0.51,0.66,0,31.31,59.1,0.13
Mongolian,1.41,0.98,5.59,2.79,3.57,0.42,5.99,0.3,3.47,0.4,1.71,0.29,0.26,41.69,30.96,0.18
Montenegrian,0.68,0.39,16.08,0.19,0.18,0.04,28.84,0.34,21.12,2.73,26.47,0.95,0.54,1,0.11,0.34
Moroccan,0.24,0.29,2.79,0,0.4,0.42,15.15,6.45,2.22,13.16,15.79,27.74,0.32,0.3,0.71,14.01
Jew,0.51,0.17,7.59,0.29,0.72,0.2,38.72,1.36,4.26,9.62,23.63,10.87,0.53,0.07,0.96,0.51
Mozabite,0.16,0.43,4.82,0.3,0.56,0.28,5.31,0.43,0.99,2.94,6.29,73,0.4,0.36,0.16,3.57
Jew,0.38,0.27,4.17,43.31,0.33,1.99,26.15,1.7,0.81,5.03,4.49,2.03,1.21,1.99,5.78,0.37
Munda,0.04,1.08,0,49.75,0.7,4.61,0,1.68,0.03,0,1.4,1.18,3.16,3.62,32.06,0.69
Murut,0,0.25,0,4.34,1.41,0.05,0,0.37,0.85,0.32,0.04,0.11,3.94,1.61,86.53,0.17
Muslim,0.36,0.64,3.69,62.75,0.01,2.35,11.53,1.09,1.48,0.03,0.49,0.45,1.66,2.78,10.41,0.29
Naga,0.87,0.96,0,4.17,0.98,1.86,0,0.24,0,0,0.26,1.21,0.29,26.04,62.89,0.23
Naidu,0.12,0.61,1.26,64.61,0.42,2.5,10.68,1.68,0,0.98,0,1.03,2.82,1.57,11.72,0
Naxi,0.06,0.25,0.89,2.64,0.4,1.41,0.22,0.42,0.26,0.35,0.52,0.4,0.04,22.23,69.7,0.2
Nenets,1.77,0.49,7.89,3.59,9.69,0.08,3.82,0.55,14.49,0.03,1.46,0.4,0.27,53.35,0.94,1.17
Tundra_Nenets,1.29,0.49,8.14,3.68,10.74,0,1.8,1.03,12.9,0,0.24,0.52,0.22,57.08,1.48,0.38
Nganasan,0.8,0.03,1.19,1.16,10.89,0,0,1.03,7.13,0.03,0,0.31,0.96,74.33,2.14,0
Nihali,0.66,0.55,0,62.13,0.52,4.17,0.16,2.33,0,0.05,1.85,0.83,3.03,2.71,20.45,0.56
Nivkh,0.85,0.42,0.12,0.76,14.47,0.35,1.21,1.36,0.36,0.34,0.66,0.1,0.65,49.24,29.12,0
Nogai,0.84,0,17.5,4.69,0.07,0.23,39.31,0.36,8.33,0,6.97,0.67,0.11,11.6,8.77,0.55
Ossetian,0.23,0.02,16.17,8.61,0.55,0.14,52.31,0.2,4.5,1.61,8.04,0,0.31,3.42,3.33,0.56
North_Kannadi,0.43,0.73,0.47,67.62,1.33,3.61,3.51,1.63,0.68,0.57,0.51,0.71,2.57,2.02,12.79,0.82
Norwegian,0.53,0.24,24.4,0.75,0.42,0.34,14.42,0.15,30.32,0.08,26.81,0.36,0.16,0.71,0.08,0.23
Nyishi,0.54,0.92,0.95,5.8,0.75,0.95,0,0.5,0.29,0.3,0.68,0.52,0.91,26.64,60.21,0.04
Onge,1.4,0.97,0,35.14,1.29,9.88,0,3.93,1.22,0.46,2.32,1.29,6.06,7.01,28.24,0.79
Orcadian,0.87,0.14,25.64,0.82,0.26,0.19,14.34,0.32,28.1,0.29,27.6,0.27,0.34,0.21,0.24,0.37
Orissa,0.72,0,2.58,60.2,0.46,4.51,7.09,0.96,2.03,0,0.38,1.06,2.11,2.61,14.11,1.18
Oroqen,0.25,0.21,0.32,0.31,3.92,0.35,1.32,0.3,0.97,0.28,0.7,0.16,0.11,54.3,36.48,0.02
Pashtun,1.36,0,9.74,41.22,0.74,0.64,29.13,1.66,3.85,2.78,1.74,0,1.03,2.46,3.65,0
Palestinian,0.39,0.16,3.65,2.65,0.35,0.46,45.3,4.69,0.98,18.61,13,6.51,0.56,0.57,0.41,1.71
Paniya,0.06,0.63,0,62.67,0.62,5.21,1.14,2.27,0,0.1,0.5,1.41,3.72,3.52,17.54,0.61
Papuan,0.63,0.02,0,3.61,0.24,86.29,0,0,2.83,1.44,0.08,1.25,0.48,0.41,1.39,1.33
Pashtun,1.03,0.49,13.25,31.78,0.86,0.73,30.92,0.07,5.92,1.75,2.42,0.34,0.72,5.31,3.18,1.23
Pathan,1.1,0.22,10.7,49.33,0.73,0.68,26.07,0.21,4.21,0.7,1.18,0.05,0.57,1.57,2.23,0.44
Piapoco,95.32,0.23,0.44,1.56,0,0.16,0,0.53,0,0,0.3,0.62,0.06,0,0.78,0
Pima,90.32,0.61,1.01,1.15,1.76,0.24,0,0.52,0.13,0.23,1.22,0.92,0.2,0.78,0.91,0
Piramalai_Kallars,0.22,0.66,0.39,66.5,0.24,3.09,9.14,1.23,0,0.31,0.09,1.03,2.61,2.26,11.61,0.62
Pole,0.53,0.54,19.2,1.14,0,0,21.76,0,30.19,0,23.32,0.51,1.12,1.65,0,0.03
Pole,0.87,0,19.9,0.3,0,0.69,21.31,0.01,33.48,0,20.25,0,0,2.16,0.4,0.62
Pole,0.84,0.19,20.26,0.71,0.22,0.14,21.33,0.24,29.9,0.18,24.16,0.4,0.34,0.62,0.24,0.24
Pole,0.49,0.29,19.65,0.64,0.88,0.28,20.54,0.27,31.11,0.2,23.73,0.32,0.24,0.83,0.16,0.37
Portuguese,0.46,0.53,15.37,0.44,0.05,0.07,19.53,1.04,17.36,4.31,31.72,6.2,0.94,0.49,0.09,1.41
Provencal,0.17,0.55,17.86,1.07,0.71,0.01,22.11,0.31,18.61,2.86,30.31,3.08,0.51,0.36,0.57,0.92
Pulliyar,0.08,0.67,0,63.88,0.13,4.27,0,2,0.17,0.26,0.9,1.74,4.03,4.07,16.64,1.16
Punjabi,2.16,0,1.85,61.64,0,2.82,9.2,1.64,3.45,0,3.8,0,1.08,1.16,10.78,0.43
Gujjar,0,0.11,8.2,54.21,1.93,0.82,25.24,0,2.66,0,0.26,0.43,1.39,0,4.52,0.23
Punjabi,0.47,0.22,0.91,73.15,0.39,1.75,3.64,0.86,1.62,0.19,3.25,1.74,1.92,0.7,9.12,0.07
Quechua,86.6,0.29,1.76,0.29,0.48,0.56,1.66,0.68,1.58,0.77,3.63,0.35,0.27,0.79,0.28,0.01
Roma,1.06,0,8.92,25.07,0.2,0.87,28.02,1.62,6.26,3.18,15.4,2.48,2.28,1.43,3.21,0
Romanian,0.27,0.37,14.8,3.92,0.21,0.39,29.88,0.55,17.2,2.57,24.36,0.81,0.54,1.53,1.2,1.39
Romanian,0.77,0.01,16.64,0.77,0.09,0.47,28.18,0.11,20.94,2.12,25.61,2.02,0.31,1.76,0.03,0.18
Romanian,0.1,0.07,15.73,1.48,0.33,0.3,28.89,0.25,19.37,2.92,25.75,2.64,0.45,0.93,0.49,0.31
Rushanvanch,2.04,0.19,16.13,26.09,1.27,0,30.48,0,9.72,1.18,5.33,0,1.05,4.81,0.63,1.08
Russian,0.6,0.18,17.93,0.51,1.37,0.41,18.21,0.46,37.36,0.11,15.31,0.38,0.23,6.38,0.41,0.14
Russian,0.7,0.24,18.85,1.08,0.22,0.51,20.26,0.71,32.56,0.35,20.69,0.51,0.39,2.06,0.14,0.74
Russian_cossack,0.95,0.52,17.81,1.31,0.28,0.05,19.69,0.42,31.49,0.53,21.75,0.54,0.34,2.14,0.4,1.79
Russian,1.03,0.39,18.81,1.03,0.32,0.02,17.06,0.27,31.72,0.13,20.28,0.36,0.47,6.36,0.34,1.41
Russian,0.69,0.81,19.9,0.1,1.05,0.28,15.77,0.09,34.54,0,16.53,0,0,8.88,0.25,1.12
Russian,1.15,0.37,18.69,0.49,0.37,0.25,21.71,0.35,31.4,0.62,20.12,0.61,0.26,1.9,0.24,1.48
Russian,0.54,0.63,19.24,0.86,0.65,0.12,20.35,0.03,33.38,0.15,19.17,0,0.47,2.74,0.23,1.45
Russian,1.29,0.25,20.54,2.44,1.02,0.29,14.11,0,32.85,0,17.43,0,0.31,9.18,0,0.29
Russians-West,0.32,0.45,19.53,0,0.97,0.54,20.7,0,36.25,0,17.97,0.26,0.52,1.84,0.53,0.13
Saami,3.34,0.28,16.55,1.57,4.56,0.41,8.44,0,31.42,0,12.86,0,0,20.09,0.49,0
Saami_WGA,1.41,0.19,16.1,0,4.16,0.36,10.66,0,38.86,0,9.56,0.68,0.51,17.12,0.2,0.2
Saharawi,0.14,0,2.24,0.16,0.85,0.33,4,5.82,0.57,13.72,11.47,51.95,0.39,0.29,0.2,7.87
Sahariya,0.13,0.3,0.06,56.3,0.35,4.4,0.87,2.75,0.97,0.38,1.42,1.2,2.7,4.03,23.79,0.35
Sakha,0.42,0.22,2.34,0.16,5.92,0.12,2.36,0.46,3.21,0.32,0,0.63,0.08,71.37,12.39,0
Sakilli,0.45,0.23,0.11,68.21,0.1,4.22,4.33,1.55,0,0,0.39,1.62,2.54,2.01,12.98,1.26
Samaritan,0.11,0.87,5.06,2.09,0,0.41,45.52,3.62,0.72,16.78,17.73,6.19,0.7,0.19,0,0
Santhal,0.2,0.73,0,58.18,1.71,4.17,0,1.88,0.33,0.24,1.01,1.5,3.38,1.8,24.04,0.78
Sardinian,0.32,0.26,6.99,0.01,0.19,0.2,19.13,0.4,9.07,1.14,57.13,3.22,0.58,0.47,0.79,0.1
Satnami,1.17,0.79,1.45,60.68,0.87,3.53,2.71,1.29,0.63,0.26,0.93,0.94,3.19,1.88,19.42,0.26
Saudi,0.5,0.49,2.8,3.14,0.2,0.34,34.72,4.98,0.24,35.38,8.33,5.24,0.55,0.93,0.33,1.83
Savara,0,0.72,0,51.58,1.04,3.47,0,2.12,1.14,0,0.52,1.67,4.8,3.5,29.01,0.43
Scottish,0.57,0.17,26.26,0.79,0.69,0.04,14.97,0.51,27.38,0,26.99,0.27,0.13,0.68,0.31,0.24
Scottish,0.8,0.34,21.48,2.51,0.24,0,17.18,0.13,26.23,0.06,28.45,1.24,0.6,0.68,0.03,0.02
Scottish,0.56,0.33,22.37,1.21,0.33,0.3,18.14,0,26.08,0.16,27.95,1.26,0.31,0.6,0.35,0.06
Scottish,0.74,0.33,22.16,2.14,0.57,0.18,18.17,0.35,25.59,0.13,27.83,0.56,0.58,0.21,0.09,0.37
Scottish,0.46,0.16,22.79,2.03,0.5,0.05,17.51,0.51,25.07,0.06,28.39,0.7,0.4,1.06,0,0.31
Scottish,1,0.19,22.96,1.84,0.26,0.5,17.1,0.4,25.92,0.41,28.25,0.2,0.41,0.28,0.03,0.25
Selkup,3.75,0.28,13.52,5.43,8.93,0.05,3.69,0.46,17.72,0.06,1.64,0.04,0.28,43.3,0.65,0.22
Jew,0.43,0.33,9.35,1.7,0.15,0.25,38.89,1.31,5.36,10.18,21.66,6.42,0.62,1.39,0.55,1.41
Jew,0.33,0.23,8.35,0.19,0.65,0.16,41.18,2.27,4.91,11.3,22.95,6.23,0.34,0.48,0.33,0.1
Serbian,0.34,1.04,16.57,0.07,0,0.28,27.31,0.58,24.83,2.22,24.86,0.45,0.24,0.81,0.41,0
Serbian,0.34,0.33,16.04,0.35,0.12,0.38,28.58,0.58,22.35,1.89,26.47,0.62,0.22,1.08,0.21,0.45
She,0.32,0.08,0.91,0.31,0.05,0.37,0.71,0.62,0.26,0.12,0.23,0.27,0.37,11.24,84.05,0.09
Shetlandic,0.41,0.28,22.96,1.83,0.6,0.19,17.06,0.06,26.88,0.06,28.07,0.31,0.42,0.73,0.02,0.13
Shor,4.29,0.08,16.5,6.83,4.91,0.09,6.02,0.63,10.25,0.23,1.08,0.25,0.07,34.94,13.53,0.34
Shugnan,2.58,0.72,15.89,26.98,2.27,0,28.45,0,11.44,1.92,4.43,0,0.52,4.23,0.56,0
Sicilian,0.14,0.46,11.13,0.42,0.49,0.13,37.03,1.08,9.16,6.86,26.94,4.31,0.47,0.29,0.63,0.46
Siddi,0.76,3.2,0.72,17.25,0.51,0.77,5.49,5.99,0.49,1.49,1.26,0.05,0.14,1.38,4.41,56.09
Sindhi,0.89,0.31,7.56,58.86,0.45,0.95,20.99,0.31,1.77,0.66,1.49,0.52,0.67,0.86,3.3,0.41
Slovak,0.64,0.63,18.83,0.76,0.15,0.37,21.67,0.2,29.43,0.56,24.43,0.42,0.39,0.73,0.21,0.57
Slovenian,0.5,0.33,17.4,0.58,0.17,0.14,23.54,0.25,26.34,0.51,25.06,0.92,0.36,1.2,0.47,2.22
Somali,0.15,0.11,0,0.39,0.47,0.35,3.89,57.06,0.43,18.56,1.54,5.24,0.49,0.34,0.18,10.8
Sorb,0.49,0.37,18.91,1.13,0.37,0.14,20.39,0.3,31.01,0,24.81,0.66,0.44,0.59,0.18,0.2
Spanish,0.33,0.48,16.93,0.03,0.41,0.13,19.42,0.34,19.31,2.32,35.3,3.33,0.49,0.36,0.06,0.77
Spanish,0.33,0.28,17.56,0.34,0.21,0.03,16.46,1.12,16.02,1.9,39.18,4.78,0.57,0.64,0.44,0.15
Spanish,0.22,0.36,20.84,0.62,0,0.09,12.82,0.16,16.88,1.18,41.43,3.84,0.43,0.57,0.4,0.15
Spanish,0.24,0.25,17.88,0.49,0.05,0.01,20.35,0.55,16.18,1.94,36.78,2.75,0.79,0.53,0.72,0.48
Spanish,0.43,0.2,15.3,0,0.12,0.37,15.92,1.08,14.78,1.35,34.37,14.11,0.47,0,0.6,0.91
Spanish,0.36,0.35,20.99,0.53,0.32,0.34,11.95,0.56,17.15,0.97,41.46,3.9,0.23,0.13,0.43,0.33
Spanish,0.32,0.08,21.71,0.13,0.39,0.23,13.7,1.36,15.58,2.07,39.48,3.81,0.22,0.34,0.43,0.16
Spanish,0.16,0.31,19.64,0.47,0.59,0.19,13.95,0.36,16.31,1.73,37.83,6.45,0.11,0.59,1.13,0.19
Spanish,0.25,0.32,18.48,0.89,0.89,0.12,16.39,0.2,18.21,0.78,38.5,3.88,0.42,0.34,0.12,0.22
Spanish,0.64,0.18,18.05,0.35,0.17,0.25,16.6,0.55,16.93,2.62,36.75,5.31,0.5,0.32,0.1,0.68
Spanish,0.03,0.49,17.26,0.11,0.61,0.28,15.79,0.89,18.2,2.02,36.95,5.71,0.15,0.21,0.7,0.61
Spanish,1.15,0.22,18.19,0.33,0.19,0.47,15.82,0.49,15.76,1.69,37.87,5.59,0.33,0.07,1.13,0.71
Spanish,0.38,0.07,24.67,0.65,0,0.2,5.31,0.58,17.52,0.8,47.07,1.59,0.12,0.45,0.39,0.19
Spanish,0.32,0.35,18.69,0.34,0.54,0.23,14.68,0.34,17.31,0.93,39.77,4.67,0.77,0.19,0.49,0.39
Srivastava,0.86,0.45,3.68,60.4,1.12,3.45,12.06,0.63,2.83,0.72,0.39,0.64,0.94,1.63,10.2,0
Kumyk,2.76,0,18.03,11.12,0.82,0.7,41.61,0,7.58,1.27,9.75,0.24,0.65,2.09,1.76,1.63
Surui,95.08,0.43,0.37,1.09,0,0.54,0.17,0.83,0,0,0.51,0.04,0,0.24,0.7,0
Swede,1.13,0.19,21.92,0.94,0.08,0.08,16.73,0,30.25,0,25.67,1.02,0.32,1.57,0,0.1
Swiss,0.58,0.41,15.52,1,0.33,0.3,24.79,0.4,18.43,2.46,27.69,2.92,0.63,1.15,0.73,2.66
Syrian,0.38,0.46,5.65,5.66,0.51,0.26,46.76,3.34,1.58,15.69,12.3,4.19,0.8,0.75,0.28,1.39
Jew,0.19,0,8.67,4.03,0,0.33,43.18,2.2,2.55,12.69,18.07,6.17,0.61,1,0,0.3
Tabasaran,0.76,0.17,21.02,12.73,1.19,0.45,45.13,0,9.98,1.3,6.56,0,0,0,0,0.7
Tajik,1.57,0.32,11.79,24.27,2.84,0.08,27.99,0.32,6.74,1.92,6.75,1.27,0.2,6.88,7.05,0
Tajik,2.41,0.3,16.23,27.51,0.77,0.64,29.01,0.1,10.17,0.77,5.42,0.07,0.53,4.19,1.38,0.5
Tajik,1.77,0.49,13.92,23.54,0.91,0.22,29.5,0.23,8.99,1.18,4.99,0.18,0.34,7.44,4.85,1.44
Tajiks,0.91,0.87,11.65,25.81,1.19,0.32,29.25,0.19,4.54,1.08,3.74,0.22,0.51,9.53,9.47,0.72
Tamang,0.74,0.84,0.6,18.26,0,2.32,0,1.09,0.63,0,1.64,0.2,0.91,21.95,50.82,0
Scheduled_Caste,0,0.36,0.56,66.06,0.2,3,11.5,1.18,0,0.53,0,0.35,2.54,1.45,11.22,1.05
Lipka_Tatar,1.85,0.3,11.48,5.19,0.53,0.26,19.2,0.66,19.59,0.7,13.72,0,0.22,13.31,11.76,1.24
Tatars,1.66,0.01,16.5,2.32,2.65,0,18.66,0.28,22.81,1.47,15.26,0,0.55,12.42,5.21,0.21
Thai,0.17,0.22,0.38,13.38,0.4,1.39,0.73,0.47,1.01,0.72,0.87,0.47,1.65,3.83,73.95,0.35
Thakur,1.75,0.71,3.31,62.31,0.86,2.93,12.49,0.56,1.87,2.14,0.38,0.31,1.18,1.51,7.69,0
Tharu,0.76,0.75,4.49,63.35,0.64,2.36,9.84,0.71,1.08,0,0.77,0.25,1.88,1.8,9.86,1.46
Tlingit,19.49,0.12,9.17,0.35,24.28,0,10.93,0.82,20.83,0.01,6.73,0.1,0.26,4.47,2.33,0.13
Tu,0.76,0.35,2.23,2.38,0.28,0.8,2.08,0.33,0.47,0.35,0.66,0.42,0.09,25.58,62.97,0.25
Tubalar,3.15,0.12,33.77,4.73,2.09,0.2,0.3,0.26,2.26,2.38,0.25,0.59,0.18,36.67,12.79,0.26
Tujia,0.15,0.36,0.66,0.26,0.3,0.46,0.78,0.38,0.17,0.24,0.35,0.32,0.09,15.38,79.99,0.11
Tunisian,0.67,0.12,3.14,0.2,0.11,0.31,17.01,6.83,1.48,15.14,14.77,30.78,0.37,0.32,1.08,7.68
Jew,0.23,0.29,2.9,0.27,0.53,0.35,42.21,1.23,2.81,11.28,21.35,14.56,0.72,0.34,0.78,0.15
Turk,0.65,0.36,11.97,3.96,0.71,0.39,42.8,0.37,7.84,3.91,17.24,0.39,0.41,6.19,2.68,0.14
